2433
1208
1675
875
255
2214
129
268
917
692
530
465
2173
1145
1078
430
242
544
1960
1364
889
339
839
498
262
370
1004
123
442
993
136
326
540
227
328
744
1118
672
1382
462
2765
541
943
618
306
822
374
1783
465
348
265
1223
1143
1421
626
1687
339
975
848
153
702
1300
2700
2363
145
340
301
1510
861
731
1145
954
632
543
1498
1694
908
456
534
473
345
268
837
546
313
898
125
447
318
1374
1600
789
539
525
647
129
1163
237
430
2282
803
536
977
1634
1027
904
345
134
352
293
254
1283
2008
340
1206
795
473
403
2321
2424
2959
1036
1326
710
479
858
295
700
501
627
2377
83
338
1696
532
954
369
1721
468
875
1237
587
1526
1360
681
314
450
408
818
280
1495
265
778
484
1491
341
1119
1538
373
78
1009
413
1031
813
640
1934
268
284
1510
451
1691
207
1169
525
939
1520
542
446
246
237
634
432
540
495
762
871
546
804
138
988
669
316
301
1212
1370
5000
202
163
1765
1422
451
189
3470
883
283
877
251
253
62
1113
986
752
702
338
395
1812
304
368
344
1667
933
260
1890
310
224
614
484
1294
155
452
904
442
900
458
790
192
713
964
363
250
1114
2580
1150
1267
176
473
377
355
1069
250
565
972
743
572
875
304
646
433
657
584
389
225
2126
282
1000
175
1072
3084
2148
383
156
680
466
1584
1384
162
1469
420
1255
465
705
617
768
484
835
1891
281
132
1908
172
204
321
2401
1686
766
229
1428
1517
749
5000
651
318
373
1894
1646
1261
414
423
1136
288
1080
924
716
552
454
1085
349
494
1002
2853
894
1401
1572
724
1176
1266
1988
1209
606
318
635
632
380
877
648
1342
1015
1222
828
483
3302
357
1800
604
180
344
415
447
125
128
419
1501
357
441
418
148
501
590
623
283
517
1393
129
304
389
300
2832
488
893
271
282
735
2601
615
3092
325
1154
613
1102
549
706
833
433
393
1423
1398
272
1528
434
383
888
380
540
220
309
1545
128
924
572
1048
347
459
140
2444
296
353
1084
117
963
400
258
373
510
864
661
1977
1855
237
457
3461
434
376
1183
602
1185
504
968
860
1165
4488
1608
396
279
893
620
353
323
4517
1331
5000
868
2278
418
932
702
1005
216
322
286
2251
610
584
702
278
182
2229
293
811
647
1283
1708
301
1114
463
454
149
587
463
1911
951
1239
1221
908
1071
248
355
1334
1323
1683
869
357
255
182
698
1716
697
1207
301
734
587
983
418
326
1210
133
286
501
786
1637
969
902
194
1008
1262
331
1905
818
1361
724
949
1929
349
634
162
536
698
1170
306
2167
311
469
1562
913
433
208
680
770
509
466
2975
1224
729
938
1712
1318
1578
516
461
249
935
768
1714
299
539
645
725
731
1355
3892
1079
304
371
226
1008
494
1251
451
593
112
1162
1332
510
2917
1256
561
2018
877
579
1224
393
1654
112
203
524
274
1254
1458
207
423
926
161
1572
349
284
497
208
1207
918
634
576
591
652
393
668
872
1183
3658
678
2013
1568
823
826
1223
1235
1869
3627
279
2267
437
177
1067
1160
1515
485
1092
3672
1501
608
274
1352
513
746
610
443
502
675
475
380
1057
1643
829
798
1950
381
764
436
364
109
1369
1288
1263
678
542
538
1399
300
394
1093
1045
750
302
1783
1142
243
840
1412
524
793
734
372
1722
630
203
378
863
484
885
256
880
516
523
857
700
972
120
380
100
693
676
1196
839
363
428
751
1304
584
634
345
414
869
1205
895
249
1248
2602
1224
783
306
212
828
593
2187
631
256
570
977
430
586
625
433
317
707
527
685
1134
3472
397
1271
538
5000
1389
1768
2356
776
210
898
610
393
621
576
679
224
1528
331
850
845
236
938
357
5000
1047
1439
219
435
265
524
331
337
592
392
880
1173
834
1380
635
855
1167
768
612
1653
722
1205
421
849
771
655
345
888
1215
1161
496
490
1027
317
321
816
2295
1210
900
939
1201
1270
1201
565
870
604
394
1096
409
1701
1153
211
438
676
372
141
3282
562
1028
314
526
1652
2366
673
965
98
665
1075
1417
590
1542
688
1153
1044
329
1009
826
612
532
753
1084
1062
2435
555
357
527
320
1420
1788
1847
224
974
856
636
1124
687
2074
273
317
1277
270
2047
1066
1029
738
2090
2558
767
891
5000
937
505
397
665
181
240
143
323
870
485
343
5000
550
550
359
2396
570
633
747
287
634
361
693
693
854
1149
80
191
256
431
1696
483
1650
264
323
666
1118
945
1026
259
324
280
1024
457
1231
1429
1036
939
1003
783
345
461
663
311
606
1183
1594
1086
160
2061
312
195
889
1678
663
923
247
1290
1111
963
354
1039
461
796
645
761
1258
1076
605
236
761
1044
2188
1825
5000
2175
609
545
373
450
1735
589
734
880
350
899
440
310
799
692
1818
1366
665
437
512
1748
684
611
747
512
802
1080
653
556
181
200
202
315
1270
1257
272
3590
362
701
2231
1164
542
1472
1022
1526
497
294
1742
363
1495
375
1123
1057
907
746
346
1162
810
302
2230
151
763
177
1041
1001
